     12.9355471155833
     21.8251986859861
     31.5782770933568
     42.1909875230720
     53.6595351605082
     65.9801251910422
     79.1489628000504
     93.1622531729095
    108.0162014949960
    123.7070129516866
    140.2308927283579
    157.5840460103863
    175.7626779831487
    194.7629938320216
    214.5811987423814
    235.2134978996048
    256.6560964890686
    278.9051996961491
    301.9570127062230
    325.8077407046671
    350.4535888768576
    375.8907624081715
    402.1154664839850
    429.1239062896751
    456.9122870106180
    485.4768138321905
    514.8136919397693
    544.9191265187309
    575.7893227544517
    607.4204858323086
    639.8088209376781
    672.9505332559366
    706.8418279724611
    741.4789102726278
    776.8579853418136
    812.9752583653947
    849.8269345287481
    887.4092190172502
    925.7183170162776
    964.7504337112069
   1004.5017742874149
   1044.9685439302777
   1086.1469478251729
   1128.0331911574754
   1170.6234791125632
   1213.9140168758129
   1257.9010096326008
   1302.5806625683026
   1347.9491808682965
   1394.0027697179576
   1440.7376343026640
   1488.1499798077905
   1536.2360114187156
   1584.9919343208139
   1634.4139536994642
   1684.4982747400409
   1735.2411026279228
   1786.6386425484841
   1838.6870996871035
   1891.3826792291563
   1944.7215863600202
   1999.7215863600202
   2054.7215863600204
   2109.7215863600204
   2164.7215863600204
   2219.7215863600204
   2274.7215863600204
   2329.7215863600204
   2384.7215863600204
   2439.7215863600204
   2494.7215863600204
   2549.7215863600204
   2604.7215863600204
   2659.7215863600204
   2714.7215863600204
   2769.7215863600204
   2824.7215863600204
   2879.7215863600204
   2934.7215863600204
   2989.7215863600204
   3044.7215863600204
   3099.7215863600204
   3154.7215863600204
   3209.7215863600204
   3264.7215863600204
   3319.7215863600204
   3374.7215863600204
   3429.7215863600204
   3484.7215863600204
   3539.7215863600204
   3594.7215863600204
   3649.7215863600204
   3704.7215863600204
   3759.7215863600204
   3814.7215863600204
   3869.7215863600204
   3924.7215863600204
   3979.7215863600204
   4034.7215863600204
   4089.7215863600204
   4144.7215863600204
   4199.7215863600204
   4254.7215863600204
   4309.7215863600204
   4364.7215863600204
   4419.7215863600204
   4474.7215863600204
   4529.7215863600204
   4584.7215863600204
   4639.7215863600204
   4694.7215863600204
   4749.7215863600204
   4804.7215863600204
   4859.7215863600204
   4914.7215863600204
   4969.7215863600204
   5024.7215863600204
   5079.7215863600204
   5134.7215863600204
   5189.7215863600204
   5244.7215863600204
   5299.7215863600204
   5354.7215863600204
   5409.7215863600204
   5464.7215863600204
   5519.7215863600204
   5574.7215863600204
   5629.7215863600204
   5684.7215863600204
   5739.7215863600204
   5794.7215863600204
   5849.7215863600204
   5904.7215863600204
   5959.7215863600204
   6014.7215863600204
   6069.7215863600204
   6124.7215863600204
   6179.7215863600204
   6234.7215863600204
   6289.7215863600204
   6344.7215863600204
   6399.7215863600204
   6454.7215863600204
   6509.7215863600204
   6564.7215863600204
   6619.7215863600204
   6674.7215863600204
   6729.7215863600204
   6784.7215863600204
   6839.7215863600204
   6894.7215863600204
   6949.7215863600204
   7004.7215863600204
   7059.7215863600204
   7114.7215863600204
   7169.7215863600204
   7224.7215863600204
   7279.7215863600204
   7334.7215863600204
   7389.7215863600204
   7444.7215863600204
   7499.7215863600204
   7554.7215863600204
   7609.7215863600204
   7664.7215863600204
   7719.7215863600204
   7774.7215863600204
   7829.7215863600204
   7884.7215863600204
   7939.7215863600204
   7994.7215863600204
   8049.7215863600204
   8104.7215863600204
   8159.7215863600204
   8214.7215863600213
   8269.7215863600213
   8324.7215863600213
   8379.7215863600213
   8434.7215863600213
   8489.7215863600213
   8544.7215863600213
   8599.7215863600213
   8654.7215863600213
   8709.7215863600213
   8764.7215863600213

